2.2
5
1.2
0.4
1.2
2
1
1.6
3.6
1.6
1.4
2.2
1.4
1.2
1
4
0
1
0.6
0
0
0.6
0.4
5
0
0.8
0
3.4
3.2
1
0
1
0
0
4.8
4.2
1.4
0
0
0
1.4
0
5
0
4.2
5
4.4
0.4
4.2
0.8
0.6
3.8
3.4
1.4
2
0
5
3.2
1.2
5
1.4
4.8
1.4
0
1.2
3.6
0.2
1.4
2.8
5
5
0
3
5
0.8
1
0.8
0
1.6
4.4
5
2
2.2
3
1
1.4
0.2
1
0.4
2
2.6
1.8
0
1.6
0
0
1.6
0
1.4
1.4
1
1.2
0.6
1.6
1.2
0.4
1
0.4
0.4
1.4
4.8
4
3.6
1.4
0.8
0
2.6
0
0.4
0
0
0
0.8
0.8
5
4.2
1
0.2
0
0.2
2.2
2.2
0
2
4.6
0.8
0
3.8
0
1.2
0.2
0
1
0
4
0
5
1
4.2
0.2
0.4
0.8
1.4
0
2
3.6
0
0
0.8
0
0.2
0.2
3.2
3.4
1
1.2
1.6
1.2
0.4
1.4
0
0
1
0
1.2
0
1.4
5
0
1.4
3.2
3.6
0
1.2
2
0.2
0.4
1
1.2
0.6
0.8
2
0
3
3.4
1.6
0.2
0
4.4
0
0
0.8
2
1.4
0.2
1
0
1.6
2.8
1.6
1
5
4.6
0
0.8
0
2.4
0
1.8
5
0
4.6
0.2
0.6
0
4.4
3
0
1
1
0
1
1
2
2
0
1.2
5
4
1.8
5
5
1.8
0.2
0
5
4.2
2.8
0.8
1
1.6
2.4
1.2
5
1.2
0
0.4
3.8
1.2
2.2
0
1.4
2.6
1.6
0.4
0
0.8
2.2
3
1.6
2.4
5
1.4
4.2
1.6
1
1.4
1.8
1
5
0
1.2
1.2
2.4
0.2
0.2
0
4.2
3.4
0.2
0
5
1
4.8
5
0
4
3.2
0.6
0
1.2
